      -0.0626601181616124 
      -0.0413005484500052 
      -0.0132854930511713 
     -0.00220352507944353 
     0.000198108197099777 
     0.000436825090504517 
       0.0069576014501229 
      0.00990608033938775 
       0.0116345530204648 
       0.0142585469165623 
       0.0179841508452514 
       0.0240910166051616 
       0.0299417762169675 
       0.0381179943204653 
       0.0536920477079229 
       0.0608356544483203 
       0.0650272834299676 
       0.0687192988447976 
        0.075731743048364 
       0.0825956097253223 
       0.0884386928044131 
        0.101127899382386 
        0.105922330277118 
        0.115010059021179 
        0.121157887887962 
        0.139317670984067 
        0.150436832322823 
        0.167264305144296 
        0.201285712995917 
        0.250154294511471 
        0.294436045817514 
        0.316625224191888 
        0.336239957914705 
         0.34771626439981 
        0.403209227672636 
        0.442745142771684 
        0.475070663710389 
        0.565495540724507 
        0.574813704509962 
        0.598680571573683 
        0.637348430325179 
        0.650209586315297 
        0.725158413173182 
        0.729590349139469 
         0.77724803833735 
        0.817923092317247 
         0.99656803521957 
         1.06522824389346 
         1.10316832524491 
         1.25912671264221 
          1.4171639522068 
