7.339738
10.898911
43.496980
51.901541
56.247624
62.268293
69.931734
80.938824
90.233563
101.810917
120.832653
128.619975
132.977185
136.700055
143.505420
149.867620
155.078105
165.830657
169.716119
176.846815
181.511930
194.640150
202.258331
213.270587
233.956871
260.815448
282.959850
293.428358
302.380646
307.497671
331.126974
346.981429
359.425127
392.142507
395.360143
403.484551
416.310907
420.490330
444.064212
445.419134
459.736670
471.612778
520.574398
538.208640
547.709433
585.145740
620.782374
