      -0.0272093654582273 
      -0.0167551694984761 
     -0.00930204530448854 
     -0.00282881071883496 
      0.00171981622886956 
      0.00204973475196818 
      0.00375812728401916 
      0.00428860252192439 
       0.0075362791475024 
      0.00888277370500153 
       0.0127596801347839 
       0.0166586391878376 
       0.0185163154257078 
       0.0197507645684599 
       0.0226226891896904 
       0.0254806704842944 
       0.0329160708197675 
       0.0335483187913317 
       0.0362597416623803 
       0.0398000593605756 
       0.0433560729019861 
       0.0495045698467453 
       0.0524274063578071 
       0.0585631061746053 
       0.0676976403770944 
       0.0755102132418272 
       0.0803958161646224 
       0.0860665471728739 
       0.0910893786280585 
         0.10355220629803 
        0.110156243236274 
        0.112579383016078 
        0.124484451853641 
        0.136668865655394 
        0.138804772421997 
         0.14557276617952 
        0.148854110221702 
        0.187449286777216 
        0.195273908238274 
        0.222725657341286 
        0.285531243265118 
        0.297553696298279 
         0.32622361873876 
        0.372645845954081 
        0.378212582814749 
        0.387296059980268 
        0.399171044873041 
        0.402297793028821 
        0.438095006541509 
        0.450363913637863 
        0.486587174370196 
        0.488718286277831 
        0.513763489389044 
        0.612876209938541 
        0.633912068090679 
        0.662789109565402 
         0.67591633735344 
        0.697577817817041 
        0.709329218126895 
        0.732487023884893 
        0.747267190438528 
        0.775576381441082 
        0.811301858681324 
        0.813119198377251 
        0.850192257181416 
         1.06188331133734 
         1.09749093983769 
         1.16947825642694 
         1.26096565320867 
