21.625709
23.609031
31.967971
34.149726
45.269721
49.147749
58.904602
67.305273
70.958857
73.286045
78.433473
83.240514
94.609190
95.513489
99.298270
104.033016
108.581115
116.025106
119.401152
126.194777
135.680081
143.295376
147.858417
152.984179
157.384949
167.806588
173.074819
174.968054
183.986892
192.780953
194.281536
198.961660
201.191554
225.772595
230.436589
246.101609
278.648139
284.453973
297.842747
318.329928
320.698786
324.527025
329.464665
330.752514
345.154453
349.954128
363.755574
364.551276
373.775600
408.240146
415.187088
424.538431
428.722030
435.537606
439.190819
446.302476
450.782747
459.242018
469.700004
470.225781
480.825953
537.362959
546.298239
563.930267
585.572883
