      -0.0298939269874342 
     -0.00805468370624823 
     -0.00446487794086356 
       0.0165286618961074 
       0.0189420268759337 
       0.0299882556535767 
       0.0634536144563151 
       0.0670967556592894 
          0.0877637058057 
        0.101811543372561 
        0.121175357870967 
        0.516637084360998 
        0.641667309997373 
        0.820399159153704 
         1.04149099768181 
         1.12033307806154 
         1.23683995829893 
         1.54015561924069 
         1.70009946414248 
         20.6632661379775 
         24.3169435646545 
