       -0.180859206770735 
       -0.172389498157803 
      -0.0762782699542881 
      -0.0636186320081601 
      -0.0364750504933723 
     -0.00997396780739413 
     -0.00598299135929341 
      0.00388552118765783 
       0.0237640790409845 
       0.0369729777320656 
       0.0615868573875412 
        0.169393603816203 
         0.29877172773947 
        0.332721486660176 
        0.602019643583702 
        0.606911361912486 
        0.682358205086727 
        0.772356139769242 
        0.900504828189929 
         1.51165423078022 
         1.69004611342828 
         1.70192448768435 
         1.85591114858145 
         21.4201418108588 
          21.873061144362 
         22.0568508443806 
         22.5460085784743 
