      -0.0365837623679569 
      -0.0130776652624444 
     -0.00666124524155511 
      -0.0024690816973392 
     3.17741567897083e-05 
      0.00116551353499428 
      0.00292734539034457 
      0.00817539220724765 
       0.0102189914882326 
       0.0133643225933831 
       0.0149868834303607 
       0.0173790917980589 
       0.0228956003437184 
       0.0254029230239491 
       0.0280660719148876 
       0.0351777360143561 
       0.0363789874653387 
       0.0392821308120185 
        0.041368813712203 
         0.04350041723514 
       0.0454765980605938 
       0.0504526923003118 
       0.0545333161516388 
       0.0563504555603076 
       0.0618136547821626 
       0.0669170383548464 
       0.0676521820895124 
       0.0705243956260266 
       0.0736997478355719 
        0.080820102651219 
       0.0859393562135255 
       0.0906201262331962 
       0.0962229096764312 
        0.099169608018926 
        0.106828000559891 
        0.109365129315683 
        0.113385482574336 
        0.119206091109055 
        0.134983556038228 
        0.138432385202357 
        0.153963134987047 
        0.154607419190465 
        0.176503380008156 
        0.183668721104586 
        0.193985337816269 
        0.203749534619593 
        0.215861218789543 
        0.223196188717735 
        0.224686255210414 
        0.233512082347427 
        0.262008751738383 
        0.280257193748629 
        0.301300671391864 
        0.321946178642561 
        0.329667670495429 
        0.353076983884729 
        0.368826985601308 
        0.371605016575839 
         0.38609920102193 
        0.393069849347859 
        0.402865385050992 
        0.418862075386175 
        0.425394406833303 
        0.441850654409032 
        0.454202541754256 
        0.528247392726869 
        0.538407693530439 
        0.580581315914003 
        0.652304946443852 
        0.661548248967766 
        0.683513852909257 
        0.696529454895883 
        0.706134975207148 
        0.727028997489514 
        0.739506876015354 
        0.755783638300477 
        0.773637149377336 
        0.823318320817287 
        0.852640857806149 
        0.859177266209727 
        0.870701006065472 
         0.87644361678405 
        0.895459756334963 
         1.00573101396217 
         1.06393260560722 
         1.12776048961213 
          1.1778630028241 
