2.939452
17.802787
28.214107
47.150210
52.714895
60.284103
63.838841
68.745277
78.905149
83.113424
87.361513
97.805499
99.461415
103.353895
106.063478
108.761713
111.204744
117.130906
121.775601
123.787857
129.649707
134.895569
135.634520
138.483814
141.567098
148.248063
152.871095
156.979037
161.759044
164.217194
170.440139
172.452210
175.593346
180.043958
191.588643
194.020750
204.615110
205.042786
219.081569
223.484254
229.675030
235.384381
242.279485
246.361430
247.182421
251.990406
266.923756
276.062689
286.239377
295.883649
299.410832
309.858941
316.694611
317.885057
324.025195
326.937092
330.985757
337.493062
340.114554
346.630744
351.442362
379.007679
382.635233
397.338691
421.167319
424.140839
431.124783
435.210207
438.200824
444.636586
448.435966
453.344208
458.667519
473.165660
481.517858
483.360010
486.590753
488.192744
493.460466
522.962141
537.881228
553.780637
565.948247
