      -0.0554382909108347 
      -0.0149161204479158 
      -0.0121683883735498 
     -0.00247586737689239 
      0.00061939359789934 
      0.00688083164864621 
       0.0119447298162539 
       0.0148898204743759 
       0.0197672947689617 
        0.027461743337759 
       0.0296330108805095 
       0.0416880300297667 
       0.0460579686498727 
       0.0535856507332046 
       0.0653940036311242 
        0.085942110564975 
       0.0869014413060566 
       0.0929002711318759 
        0.103719275502222 
        0.116477743954779 
        0.128914341306413 
        0.142152933113095 
        0.181034885126317 
        0.191463069527897 
        0.277882310371274 
        0.313918978446526 
        0.343141570690605 
        0.361841897361111 
        0.394068850782996 
        0.402156379288478 
        0.420605939069572 
        0.442175188970646 
        0.488919585891086 
        0.493227290933634 
         0.50736603615963 
        0.524334562323551 
        0.545062605049038 
        0.578828490959774 
        0.628292228137752 
        0.703685016422427 
        0.730436291662385 
        0.755314674221861 
        0.785009269051398 
        0.805217584017769 
        0.851215790550078 
        0.986634484923078 
         1.58196278259471 
         1.62416668956909 
         1.84053372177594 
         2.25198174439247 
         23.8313612553322 
         24.2737384951632 
         24.4399256933096 
         24.6973518136669 
