12.978147
43.256342
56.992472
63.631778
73.316707
86.415845
89.767105
106.471903
111.913304
120.712872
133.351619
152.873545
153.724404
158.941687
167.941901
177.971641
187.231944
196.610742
221.876070
228.176985
274.890530
292.171678
305.468193
313.681391
327.352289
330.694377
338.194880
346.758019
364.626347
366.229124
371.441158
377.601379
384.992725
396.738437
413.342605
437.439988
445.677285
453.203536
462.026325
467.935456
481.115296
517.973420
655.884639
664.575961
707.458906
782.549398
2545.679667
2569.198520
2577.978370
2591.519749
