     -0.00784555806364573 
     -0.00614369506668221 
      -0.0047410290340059 
      -0.0015727973449676 
     0.000284596654165059 
      0.00142807307968821 
      0.00318497905209297 
      0.00736052207690839 
       0.0111615623441168 
        0.012375102632053 
       0.0162181939393221 
       0.0203044971636675 
       0.0239820199560074 
        0.026497267786019 
       0.0293561170399186 
       0.0365414269533904 
       0.0447909710012009 
       0.0491479377209268 
       0.0553151930517002 
       0.0644695262244272 
       0.0713262583579479 
       0.0751862330739482 
       0.0789058294610567 
       0.0869347598458858 
       0.0977150202582032 
       0.0992298360643662 
        0.105996269641705 
        0.115504171062789 
         0.11834275863692 
        0.133869820402406 
        0.135314695696515 
         0.14749656169326 
        0.160295249497557 
        0.202530750358821 
        0.242542436493361 
        0.271107820249901 
         0.33471560038264 
        0.358212683973872 
        0.367424450102149 
        0.381675554931277 
        0.413215338361737 
         0.42421535780979 
        0.437312455124437 
        0.464630805674157 
        0.509839943745664 
        0.542777204512689 
        0.576499497103531 
         0.61033358663476 
         0.66975062326491 
        0.679367682469552 
          0.7201373269725 
        0.748746816909639 
        0.751908432516024 
        0.763085767270655 
         0.83452810136332 
        0.873562194524017 
         1.05697263207678 
         1.06265967069069 
         1.15881297283403 
         1.20514523679589 
