8.797195
19.706275
29.429482
44.738729
55.092417
58.010116
66.409556
74.306268
80.755518
84.884790
89.346724
99.683225
110.363272
115.606427
122.645479
132.405665
139.268869
142.987638
146.481869
153.753871
163.008403
164.267053
169.775344
177.226297
179.390803
190.796617
191.823500
200.272019
208.780366
234.679316
256.816662
271.519079
301.694440
312.104341
316.091891
322.163624
335.210447
339.642886
344.846047
355.453937
372.345627
384.184756
395.939468
407.392438
426.762148
429.815201
442.524164
451.228813
452.180476
455.528974
476.375932
487.389584
536.119001
537.559360
561.352942
572.465110
