      -0.0371538158267337 
      -0.0286904771301522 
      -0.0162643974723229 
      -0.0032844785500311 
     -0.00145595163665486 
      0.00160308497220141 
      0.00523256208702668 
       0.0101645600159899 
       0.0144031730952723 
       0.0156992905806657 
       0.0179041877785216 
       0.0223869773911645 
       0.0234710335492346 
       0.0291009528378944 
       0.0298365414972965 
       0.0337381968012816 
       0.0357104587003909 
        0.036119040870168 
       0.0395680307465068 
       0.0484097892796501 
       0.0518433797053194 
       0.0563663846379508 
       0.0617135155519651 
       0.0692613128675216 
        0.071638838944178 
       0.0745080319907258 
       0.0807996752882977 
       0.0857983797767555 
       0.0875623884212609 
       0.0928779974049195 
       0.0962218146146263 
        0.102895493034019 
        0.104751952393581 
        0.117268984553622 
         0.11912179649591 
        0.142721799977478 
        0.153460957787166 
        0.154876287617414 
        0.165024155979612 
         0.17097343572186 
        0.183692066529824 
        0.194315820433012 
        0.213802125414583 
        0.228031191058436 
        0.236530914360635 
        0.271675908798034 
         0.28761046746821 
        0.304632543445984 
        0.324324621568406 
         0.34026938538276 
        0.355586729239202 
        0.366641919071921 
         0.39136847270303 
        0.411901325558651 
        0.416741114523297 
        0.443131837030798 
        0.464285200719966 
        0.481568181334865 
        0.490550236949922 
        0.520018110371986 
         0.66076905012358 
        0.690745484213475 
        0.700800850612155 
        0.715063704785179 
        0.723971796005473 
        0.747312400932289 
        0.754183355863912 
        0.767004532579418 
        0.773835797490221 
        0.795301803292305 
        0.830259278279818 
        0.851857354708457 
        0.863174124305409 
        0.885076521843846 
         1.10148944300366 
         1.15854988299061 
         1.16781057873856 
         1.21599966898041 
