20.878899
37.721289
52.574315
62.583294
65.338527
69.776092
78.023793
79.890555
88.957575
90.074854
95.783403
98.543287
99.105426
103.729324
114.735001
118.734241
123.805352
129.544647
137.238097
139.573702
142.341283
148.229327
152.745657
154.307888
158.922632
161.758123
167.273639
168.775884
178.575104
179.980289
197.003747
204.281144
205.220997
211.837620
215.622287
223.498457
229.870589
241.121167
249.015543
253.614035
271.803405
279.660850
287.817686
296.974588
304.187082
310.958262
315.755110
326.228762
334.677043
336.637508
347.132923
355.321714
361.874700
365.233894
376.043913
423.890980
433.399450
436.542608
440.962538
443.700739
450.796383
452.864002
456.697142
458.726402
465.045356
475.155978
481.296571
484.482991
490.591183
547.292502
561.289215
563.528041
575.037354
