       -0.125656696687742 
       -0.040574399433057 
      -0.0217062332676656 
      -0.0104226013139842 
    -0.000448346925523141 
       0.0164753673192413 
       0.0188923794268174 
       0.0309348853502332 
       0.0503822712158572 
         0.12129603909524 
         0.13206807297101 
        0.163083269878352 
        0.226328616013671 
        0.242132653072316 
        0.367930292195842 
        0.407127661087258 
         0.43054392199385 
        0.457124005674301 
        0.540269435267173 
        0.563226505612177 
         0.58781400125576 
        0.651019496356519 
        0.754157825908912 
        0.797614519901079 
        0.839813271666005 
        0.854428115561577 
        0.878916730058857 
        0.987916225113385 
         1.01019056718843 
         1.03682272731126 
         1.26767433423201 
         1.37354463217127 
         1.40746157631387 
         14.4612158757671 
         14.5565841782598 
         14.7454859501827 
         15.0245188449535 
         15.0946922232508 
          16.490314709824 
