      -0.0850873729752768 
      -0.0621490332758215 
       -0.018085367920784 
       0.0207566102795308 
       0.0550380419972016 
        0.102182494483771 
        0.208556405713384 
         0.22749073513393 
        0.278113673043463 
        0.598669546704695 
        0.788559045108859 
        0.890443946138504 
          1.1326418283429 
         1.16365690944019 
         1.19013450092597 
         1.47438400587395 
         1.57138642891796 
         1.73886361092308 
          11.993704907269 
         12.9390746356732 
         14.3135648615125 
